vikas@INDXRCI01SPH02:~/X/maze_rl_2/Dep_domain$ python active_F_model.py
[[[1.0], [0.6], [0.375], [1.6666666666666667e-05], [0.20689655172413793], [0.1875], [1.25e-05], [0.13953488372093023], [0.13333333333333333]], [[1.0], [1.0], [0.625], [1.6666666666666667e-05], [0.3448275862068966], [0.3125], [1.25e-05], [0.23255813953488372], [0.2222222222222222]], [[1.0], [1.0], [1.0], [1.6666666666666667e-05], [0.5517241379310345], [0.5], [1.25e-05], [0.37209302325581395], [0.35555555555555557]], [[1.6666666666666667e-05], [1e-05], [6.25e-06], [1.0], [0.20689655172413793], [0.1875], [1.25e-05], [0.13953488372093023], [0.13333333333333333]], [[1.0], [1.0], [1.0], [1.0], [1.0], [0.90625], [1.25e-05], [0.6744186046511628], [0.6444444444444445]], [[1.0], [1.0], [1.0], [1.0], [1.0], [1.0], [1.25e-05], [0.7441860465116279], [0.7111111111111111]], [[1.6666666666666667e-05], [1e-05], [6.25e-06], [1.6666666666666667e-05], [3.448275862068966e-06], [3.125e-06], [1.0], [0.18604651162790697], [0.17777777777777778]], [[1.0], [1.0], [1.0], [1.0], [1.0], [1.0], [1.0], [1.0], [0.9555555555555556]]]


(0, 1)
Curriculum:
[6, 3, 5, 2, 0, 7, 4, 1, 8]
Curriculum:
[6, 3, 1, 0, 2, 4, 7, 5, 8]
2037164


(0, 2)
Curriculum:
[3, 6, 2, 1, 0, 7, 5, 4, 8]
Curriculum:
[6, 3, 1, 0, 2, 4, 7, 5, 8]
1994946


(0, 3)
Curriculum:
[6, 2, 1, 0, 3, 4, 7, 5, 8]
Curriculum:
[6, 3, 0, 1, 7, 5, 4, 2, 8]
2154024


(0, 4)
Curriculum:
[0, 6, 2, 1, 7, 5, 4, 3, 8]
Curriculum:
[6, 3, 0, 1, 4, 2, 7, 5, 8]
2204128


(0, 5)
Curriculum:
[0, 6, 2, 1, 4, 3, 7, 5, 8]
Curriculum:
[6, 3, 0, 1, 2, 4, 7, 5, 8]
2195341


(0, 6)
Curriculum:
[0, 6, 3, 4, 2, 7, 5, 1, 8]
Curriculum:
[3, 1, 6, 0, 4, 2, 7, 5, 8]
2207685


(0, 7)
Curriculum:
[1, 3, 5, 4, 2, 0, 7, 6, 8]
Curriculum:
[6, 3, 0, 1, 7, 4, 2, 5, 8]
2204888


(0, 8)
Curriculum:
[3, 0, 2, 1, 5, 4, 7, 6, 8]
Curriculum:
[6, 3, 0, 1, 2, 4, 7, 5, 8]
2186003


(1, 0)
Curriculum:
[3, 1, 0, 4, 6, 7, 5, 2, 8]
Curriculum:
[6, 3, 0, 2, 1, 4, 7, 5, 8]
2199766


(1, 2)
Curriculum:
[2, 4, 3, 6, 5, 1, 7, 0, 8]
Curriculum:
[6, 3, 0, 1, 2, 4, 7, 5, 8]
2240979


(1, 3)
Curriculum:
[6, 2, 1, 0, 7, 5, 4, 3, 8]
Curriculum:
[0, 6, 3, 1, 2, 4, 7, 5, 8]
2246779


(1, 4)
Curriculum:
[6, 0, 3, 4, 7, 5, 2, 1, 8]
Curriculum:
[6, 3, 1, 0, 4, 2, 7, 5, 8]
2249770


(1, 5)
Curriculum:
[1, 2, 6, 7, 5, 4, 0, 3, 8]
Curriculum:
[6, 3, 0, 1, 2, 4, 7, 5, 8]
2273016


(1, 6)
Curriculum:
[0, 6, 3, 4, 7, 5, 2, 1, 8]
Curriculum:
[6, 3, 0, 1, 2, 4, 7, 5, 8]
2247566


(1, 7)
Curriculum:
[0, 6, 3, 4, 2, 1, 7, 5, 8]
Curriculum:
[3, 6, 0, 1, 2, 7, 5, 4, 8]
2250977


(1, 8)
Curriculum:
[0, 1, 3, 2, 4, 5, 7, 6, 8]
Curriculum:
[6, 3, 0, 2, 1, 4, 7, 5, 8]
2250057


(2, 0)
Curriculum:
[3, 6, 4, 2, 1, 7, 5, 0, 8]
Curriculum:
[6, 3, 0, 1, 2, 4, 7, 5, 8]
2252129


(2, 1)
Curriculum:
[6, 3, 2, 1, 0, 5, 7, 4, 8]
Curriculum:
[6, 3, 1, 0, 2, 5, 7, 4, 8]
2248560


(2, 3)
Curriculum:
[3, 0, 6, 5, 2, 1, 7, 4, 8]
Curriculum:
[6, 3, 0, 1, 4, 2, 7, 5, 8]
2260247


(2, 4)
Curriculum:
[6, 0, 2, 1, 4, 7, 5, 3, 8]
Curriculum:
[6, 0, 1, 2, 3, 4, 7, 5, 8]
2280137


(2, 5)
Curriculum:
[6, 3, 5, 4, 1, 0, 7, 2, 8]
Curriculum:
[6, 0, 3, 1, 2, 5, 7, 4, 8]
2271312


(2, 6)
Curriculum:
[3, 6, 4, 2, 1, 0, 7, 5, 8]
Curriculum:
[3, 6, 0, 1, 4, 2, 7, 5, 8]
2270817


(2, 7)
Curriculum:
[6, 1, 2, 0, 3, 5, 7, 4, 8]
Curriculum:
[3, 0, 6, 7, 5, 4, 2, 1, 8]
2260948


(2, 8)
Curriculum:
[3, 6, 1, 5, 0, 7, 4, 2, 8]
Curriculum:
[6, 3, 1, 0, 2, 4, 7, 5, 8]
2253665


(3, 0)
Curriculum:
[1, 3, 6, 4, 2, 7, 5, 0, 8]
Curriculum:
[6, 3, 0, 1, 2, 4, 7, 5, 8]
2252798


(3, 1)
Curriculum:
[6, 1, 4, 3, 7, 5, 2, 0, 8]
Curriculum:
[6, 3, 0, 2, 1, 4, 7, 5, 8]
2249267


(3, 2)
Curriculum:
[6, 3, 4, 2, 0, 7, 5, 1, 8]
Curriculum:
[6, 3, 0, 2, 1, 7, 4, 5, 8]
2250664


(3, 4)
Curriculum:
[6, 3, 1, 0, 2, 4, 7, 5, 8]
Curriculum:
[6, 3, 1, 0, 2, 4, 7, 5, 8]
2246587


(3, 5)
Curriculum:
[6, 3, 5, 7, 4, 2, 1, 0, 8]
Curriculum:
[6, 3, 0, 1, 2, 4, 7, 5, 8]
2244658


(3, 6)
Curriculum:
[3, 6, 1, 5, 4, 7, 2, 0, 8]
Curriculum:
[6, 3, 0, 1, 2, 5, 7, 4, 8]
2240234


(3, 7)
Curriculum:
[3, 1, 6, 2, 0, 7, 5, 4, 8]
Curriculum:
[6, 3, 0, 4, 2, 1, 7, 5, 8]
2234084


(3, 8)
Curriculum:
[3, 0, 6, 1, 4, 7, 5, 2, 8]
Curriculum:
[3, 2, 1, 6, 0, 4, 7, 5, 8]
2231292


(4, 0)
Curriculum:
[3, 6, 2, 1, 4, 7, 5, 0, 8]
Curriculum:
[7, 5, 4, 6, 1, 2, 3, 0, 8]
2235033


(4, 1)
Curriculum:
[3, 6, 1, 0, 5, 7, 4, 2, 8]
Curriculum:
[6, 3, 0, 4, 2, 1, 7, 5, 8]
2232959


(4, 2)
Curriculum:
[3, 2, 4, 6, 7, 5, 1, 0, 8]
Curriculum:
[6, 3, 1, 0, 2, 7, 4, 5, 8]
2235833


(4, 3)
Curriculum:
[6, 0, 2, 4, 3, 7, 5, 1, 8]
Curriculum:
[3, 6, 0, 2, 1, 7, 4, 5, 8]
2232590


(4, 5)
Curriculum:
[6, 0, 2, 5, 1, 7, 4, 3, 8]
Curriculum:
[6, 3, 0, 1, 2, 4, 7, 5, 8]
2234593


(4, 6)
Curriculum:
[3, 4, 0, 6, 7, 5, 2, 1, 8]
Curriculum:
[6, 3, 0, 1, 2, 4, 7, 5, 8]
2228539


(4, 7)
Curriculum:
[6, 2, 5, 1, 0, 7, 4, 3, 8]
Curriculum:
[3, 6, 0, 1, 4, 2, 7, 5, 8]
2226404


(4, 8)
Curriculum:
[0, 2, 3, 6, 5, 4, 7, 1, 8]
Curriculum:
[6, 3, 0, 1, 2, 4, 7, 5, 8]
2229790


(5, 0)
Curriculum:
[6, 0, 3, 2, 1, 5, 7, 4, 8]
Curriculum:
[6, 3, 1, 0, 2, 4, 7, 5, 8]
2225242


(5, 1)
Curriculum:
[6, 3, 0, 7, 5, 4, 2, 1, 8]
Curriculum:
[6, 3, 0, 1, 2, 4, 7, 5, 8]
2224059


(5, 2)
Curriculum:
[6, 2, 3, 5, 4, 0, 7, 1, 8]
Curriculum:
[6, 3, 1, 0, 2, 4, 7, 5, 8]
2221881


(5, 3)
Curriculum:
[1, 2, 6, 3, 5, 4, 7, 0, 8]
Curriculum:
[3, 1, 6, 0, 2, 7, 5, 4, 8]
2222937


(5, 4)
Curriculum:
[3, 2, 4, 5, 1, 0, 7, 6, 8]
Curriculum:
[6, 3, 1, 0, 2, 4, 7, 5, 8]
2223473


(5, 6)
Curriculum:
[2, 6, 3, 4, 0, 7, 5, 1, 8]
Curriculum:
[6, 3, 1, 0, 2, 7, 5, 4, 8]
2225670


(5, 7)
Curriculum:
[1, 0, 3, 6, 4, 2, 7, 5, 8]
Curriculum:
[6, 3, 0, 1, 2, 7, 4, 5, 8]
2225916


(5, 8)
Curriculum:
[3, 1, 6, 7, 5, 4, 2, 0, 8]
Curriculum:
[6, 3, 0, 1, 2, 4, 7, 5, 8]
2227162


(6, 0)
Curriculum:
[0, 1, 6, 5, 3, 7, 4, 2, 8]
Curriculum:
[6, 3, 0, 1, 4, 2, 7, 5, 8]
2231788


(6, 1)
Curriculum:
[3, 0, 1, 2, 6, 7, 5, 4, 8]
Curriculum:
[6, 3, 0, 1, 2, 7, 4, 5, 8]
2237260


(6, 2)
Curriculum:
[0, 6, 1, 4, 2, 5, 7, 3, 8]
Curriculum:
[3, 6, 1, 0, 2, 7, 5, 4, 8]
2236344


(6, 3)
Curriculum:
[2, 6, 4, 3, 5, 7, 1, 0, 8]
Curriculum:
[6, 3, 0, 1, 2, 4, 7, 5, 8]
2236810


(6, 4)
Curriculum:
[6, 1, 2, 4, 0, 7, 5, 3, 8]
Curriculum:
[3, 1, 0, 6, 7, 4, 2, 5, 8]
2236045


(6, 5)
Curriculum:
[1, 3, 2, 6, 7, 5, 4, 0, 8]
Curriculum:
[6, 3, 0, 1, 2, 4, 7, 5, 8]
2229925


(6, 7)
Curriculum:
[6, 2, 4, 3, 5, 7, 1, 0, 8]
Curriculum:
[6, 3, 1, 0, 2, 4, 7, 5, 8]
2229938


(6, 8)
Curriculum:
[3, 2, 0, 4, 1, 5, 7, 6, 8]
Curriculum:
[6, 3, 2, 1, 0, 4, 7, 5, 8]
2230889


(7, 0)
Curriculum:
[0, 2, 1, 6, 7, 5, 4, 3, 8]
Curriculum:
[6, 3, 0, 1, 4, 2, 7, 5, 8]
2231078


(7, 1)
Curriculum:
[6, 3, 0, 4, 2, 1, 7, 5, 8]
Curriculum:
[6, 3, 0, 2, 1, 4, 7, 5, 8]
2225448


(7, 2)
Curriculum:
[0, 3, 2, 6, 7, 5, 4, 1, 8]
Curriculum:
[6, 3, 1, 0, 2, 7, 4, 5, 8]
2224634


(7, 3)
Curriculum:
[6, 3, 0, 1, 2, 4, 7, 5, 8]
Curriculum:
[6, 3, 0, 1, 2, 7, 5, 4, 8]
2224847


(7, 4)
Curriculum:
[3, 2, 6, 4, 1, 0, 7, 5, 8]
Curriculum:
[6, 3, 0, 1, 2, 4, 7, 5, 8]
2227215


(7, 5)
Curriculum:
[6, 3, 2, 1, 5, 7, 4, 0, 8]
Curriculum:
[3, 6, 1, 0, 4, 2, 7, 5, 8]
2234086


(7, 6)
Curriculum:
[0, 6, 3, 4, 2, 7, 5, 1, 8]
Curriculum:
[6, 3, 0, 2, 1, 7, 4, 5, 8]
2235942


(7, 8)
Curriculum:
[6, 3, 0, 2, 1, 4, 5, 7, 8]
Curriculum:
[6, 3, 0, 1, 2, 4, 5, 7, 8]
2235234
