(0, 1)
Curriculum:
[6, 1, 0, 3, 4, 2, 5, 7, 8]
63
(15, 48)
Curriculum:
[6, 3, 0, 1, 4, 2, 5, 7, 8]
455346


(0, 2)
Curriculum:
[6, 3, 1, 2, 4, 0, 5, 7, 8]
63
(15, 48)
Curriculum:
[6, 3, 1, 0, 2, 4, 5, 7, 8]
173563


(0, 3)
Curriculum:
[6, 3, 1, 4, 2, 0, 5, 7, 8]
63
(15, 48)
Curriculum:
[6, 3, 0, 1, 2, 4, 5, 7, 8]
305120


(0, 4)
Curriculum:
[6, 3, 0, 1, 2, 4, 5, 7, 8]
63
(15, 48)
Curriculum:
[3, 6, 5, 0, 4, 2, 1, 7, 8]
179811


(0, 5)
Curriculum:
[0, 6, 4, 2, 1, 3, 5, 7, 8]
63
(15, 48)
Curriculum:
[7, 5, 4, 1, 6, 0, 3, 2, 8]
176551


(0, 6)
Curriculum:
[3, 0, 1, 4, 2, 5, 6, 7, 8]
63
(15, 48)
Curriculum:
[6, 3, 0, 1, 2, 4, 5, 7, 8]
342904


(0, 7)
Curriculum:
[1, 0, 6, 3, 4, 2, 5, 7, 8]
63
(15, 48)
Curriculum:
[6, 5, 3, 4, 2, 1, 0, 7, 8]
181963


(0, 8)
Curriculum:
[6, 3, 0, 1, 2, 4, 5, 7, 8]
63
(15, 48)
Curriculum:
[6, 3, 0, 2, 1, 4, 5, 7, 8]
175738


(1, 0)
Curriculum:
[6, 3, 0, 1, 2, 4, 5, 7, 8]
63
(15, 48)
Curriculum:
[4, 6, 2, 5, 3, 1, 7, 0, 8]
342713


(1, 2)
Curriculum:
[6, 3, 0, 1, 2, 4, 5, 7, 8]
63
(15, 48)
Curriculum:
[6, 3, 0, 1, 2, 4, 5, 7, 8]
438689


(1, 3)
Curriculum:
[3, 6, 0, 1, 2, 4, 5, 7, 8]
63
(15, 48)
Curriculum:
[3, 6, 0, 1, 2, 4, 5, 7, 8]
386523


(1, 4)
Curriculum:
[0, 1, 3, 6, 2, 4, 5, 7, 8]
63
(15, 48)
Curriculum:
[6, 3, 1, 0, 2, 4, 5, 7, 8]
178019


(1, 5)
Curriculum:
[0, 1, 6, 3, 4, 2, 5, 7, 8]
63
(15, 48)
Curriculum:
[6, 3, 1, 0, 2, 4, 5, 7, 8]
183631

(1, 6)
Curriculum:
[3, 6, 1, 2, 4, 0, 5, 7, 8]
63
(15, 48)
Curriculum:
[6, 3, 0, 1, 2, 4, 5, 7, 8]
304717


(1, 7)
Curriculum:
[3, 6, 0, 1, 2, 4, 5, 7, 8]
63
(15, 48)
Curriculum:
[6, 3, 0, 2, 1, 4, 5, 7, 8]
177555


(1, 8)
Curriculum:
[3, 6, 1, 4, 2, 0, 5, 7, 8]
63
(15, 48)
Curriculum:
[6, 5, 3, 4, 2, 1, 0, 7, 8]
175741


(2, 0)
Curriculum:
[0, 6, 3, 4, 2, 1, 5, 7, 8]
63
(15, 48)
Curriculum:
[7, 5, 6, 3, 4, 1, 2, 0, 8]
424121


(2, 1)
Curriculum:
[3, 6, 0, 1, 2, 4, 5, 7, 8]
63
(15, 48)
Curriculum:
[7, 6, 3, 2, 5, 1, 4, 0, 8]
439666


(2, 3)
Curriculum:
[6, 3, 0, 1, 2, 4, 5, 7, 8]
63
(15, 48)
Curriculum:
[6, 3, 0, 1, 2, 4, 5, 7, 8]
291268


(2, 4)
Curriculum:
[3, 6, 0, 1, 2, 4, 5, 7, 8]
63
(15, 48)
Curriculum:
[6, 3, 0, 1, 2, 4, 5, 7, 8]
364108


(2, 5)
Curriculum:
[3, 6, 0, 2, 1, 4, 5, 7, 8]
63
(15, 48)
Curriculum:
[6, 3, 0, 1, 2, 4, 5, 7, 8]
389898


(2, 6)
Curriculum:
[3, 1, 0, 6, 4, 2, 5, 7, 8]
63
(15, 48)
Curriculum:
[6, 3, 0, 1, 2, 4, 5, 7, 8]
330037


(2, 7)
Curriculum:
[3, 6, 0, 1, 2, 4, 5, 7, 8]
63
(15, 48)
Curriculum:
[6, 3, 1, 0, 2, 4, 5, 7, 8]
180129


(2, 8)
Curriculum:
[3, 1, 4, 5, 2, 0, 6, 7, 8]
63
(15, 48)
Curriculum:
[6, 3, 1, 0, 2, 4, 5, 7, 8]
186736


(3, 0)
Curriculum:
[6, 3, 0, 1, 2, 4, 5, 7, 8]
63
(15, 48)
Curriculum:
[6, 3, 0, 1, 2, 4, 5, 7, 8]
289661


(3, 1)
Curriculum:
[0, 1, 2, 4, 5, 3, 6, 7, 8]
63
(15, 48)
Curriculum:
[3, 6, 0, 1, 2, 4, 5, 7, 8]
272749


(3, 2)
Curriculum:
[6, 3, 0, 1, 2, 4, 5, 7, 8]
63
(15, 48)
Curriculum:
[6, 3, 0, 1, 2, 4, 5, 7, 8]
338643


(3, 4)
Curriculum:
[1, 3, 4, 2, 0, 6, 5, 7, 8]
63
(15, 48)
Curriculum:
[5, 3, 4, 2, 1, 0, 6, 7, 8]
180065


(3, 5)
Curriculum:
[3, 6, 0, 1, 2, 4, 5, 7, 8]
63
(15, 48)
Curriculum:
[6, 5, 2, 1, 0, 4, 3, 7, 8]
211907


(3, 6)
Curriculum:
[3, 6, 0, 1, 2, 4, 5, 7, 8]
63
(15, 48)
Curriculum:
[3, 6, 0, 1, 2, 4, 5, 7, 8]
314629


(3, 7)
Curriculum:
[6, 0, 1, 2, 3, 4, 5, 7, 8]
63
(15, 48)
Curriculum:
[5, 3, 4, 2, 1, 0, 6, 7, 8]
185855


(3, 8)
Curriculum:
[3, 6, 0, 1, 2, 4, 5, 7, 8]
63
(15, 48)
Curriculum:
[6, 3, 2, 1, 0, 4, 5, 7, 8]
182318


(4, 0)
Curriculum:
[3, 6, 0, 1, 2, 4, 5, 7, 8]
63
(15, 48)
Curriculum:
[7, 6, 4, 3, 2, 5, 1, 0, 8]
423541


(4, 1)
Curriculum:
[0, 1, 2, 6, 3, 4, 5, 7, 8]
63
(15, 48)
Curriculum:
[6, 5, 3, 2, 4, 1, 7, 0, 8]
477515


(4, 2)
Curriculum:
[0, 1, 6, 3, 4, 2, 5, 7, 8]
63
(15, 48)
Curriculum:
[7, 6, 4, 5, 3, 1, 2, 0, 8]
490947


(4, 3)
Curriculum:
[3, 6, 0, 1, 2, 4, 5, 7, 8]
63
(15, 48)
Curriculum:
[7, 6, 3, 2, 4, 1, 5, 0, 8]
435798


(4, 5)
Curriculum:
[6, 1, 3, 4, 2, 0, 5, 7, 8]
63
(15, 48)
Curriculum:
[6, 3, 0, 1, 2, 4, 5, 7, 8]
408630


(4, 6)
Curriculum:
[3, 6, 0, 1, 2, 4, 5, 7, 8]
63
(15, 48)
Curriculum:
[3, 6, 0, 1, 2, 4, 5, 7, 8]
286289


(4, 7)
Curriculum:
[3, 6, 0, 1, 2, 4, 5, 7, 8]
63
(15, 48)
Curriculum:
[6, 3, 0, 1, 2, 4, 5, 7, 8]
395198


(4, 8)
Curriculum:
[6, 3, 0, 1, 2, 4, 5, 7, 8]
63
(15, 48)
Curriculum:
[6, 3, 0, 1, 2, 4, 5, 7, 8]
406031


(5, 0)
Curriculum:
[6, 3, 0, 1, 2, 4, 5, 7, 8]
63
(15, 48)
Curriculum:
[5, 6, 4, 3, 2, 1, 7, 0, 8]
443980


(5, 1)
Curriculum:
[6, 3, 0, 1, 2, 4, 5, 7, 8]
63
(15, 48)
Curriculum:
[7, 6, 4, 5, 3, 1, 2, 0, 8]
385899


(5, 2)
Curriculum:
[3, 1, 0, 6, 4, 2, 5, 7, 8]
63
(15, 48)
Curriculum:
[7, 6, 2, 4, 3, 1, 5, 0, 8]
468505


(5, 3)
Curriculum:
[3, 6, 0, 1, 2, 4, 5, 7, 8]
63
(15, 48)
Curriculum:
[7, 6, 3, 2, 5, 1, 4, 0, 8]
431120


(5, 4)
Curriculum:
[3, 6, 1, 2, 4, 0, 5, 7, 8]
63
(15, 48)
Curriculum:
[7, 6, 3, 2, 5, 1, 4, 0, 8]
337592


(5, 6)
Curriculum:
[6, 0, 1, 3, 4, 2, 5, 7, 8]
63
(15, 48)
Curriculum:
[3, 6, 0, 1, 2, 4, 5, 7, 8]
267850


(5, 7)
Curriculum:
[1, 6, 3, 5, 4, 2, 0, 7, 8]
63
(15, 48)
Curriculum:
[6, 3, 0, 1, 2, 4, 5, 7, 8]
423357


(5, 8)
Curriculum:
[6, 3, 0, 1, 2, 4, 5, 7, 8]
63
(15, 48)
Curriculum:
[6, 3, 0, 1, 2, 4, 5, 7, 8]
455379


(6, 0)
Curriculum:
[6, 1, 3, 4, 2, 0, 5, 7, 8]
63
(15, 48)
Curriculum:
[3, 6, 0, 1, 2, 4, 5, 7, 8]
390818


(6, 1)
Curriculum:
[3, 5, 4, 2, 1, 0, 6, 7, 8]
63
(15, 48)
Curriculum:
[3, 6, 0, 1, 2, 4, 5, 7, 8]
333989


(6, 2)
Curriculum:
[0, 3, 2, 4, 5, 1, 6, 7, 8]
63
(15, 48)
Curriculum:
[6, 3, 0, 1, 2, 4, 5, 7, 8]
339974


(6, 3)
Curriculum:
[3, 6, 0, 1, 2, 4, 5, 7, 8]
63
(15, 48)
Curriculum:
[3, 6, 0, 1, 2, 4, 5, 7, 8]
352666


(6, 4)
Curriculum:
[1, 0, 4, 2, 5, 3, 6, 7, 8]
63
(15, 48)
Curriculum:
[6, 3, 0, 1, 2, 4, 5, 7, 8]
422172


(6, 5)
Curriculum:
[3, 1, 0, 4, 2, 6, 5, 7, 8]
63
(15, 48)
Curriculum:
[6, 3, 0, 1, 2, 4, 5, 7, 8]
301792


(6, 7)
Curriculum:
[3, 6, 0, 1, 2, 4, 5, 7, 8]
63
(15, 48)
Curriculum:
[6, 3, 2, 1, 0, 4, 5, 7, 8]
180119


(6, 8)
Curriculum:
[6, 3, 0, 1, 2, 4, 5, 7, 8]
63
(15, 48)
Curriculum:
[6, 3, 0, 2, 1, 4, 5, 7, 8]
180995


(7, 0)
Curriculum:
[3, 0, 1, 5, 4, 2, 6, 7, 8]
63
(15, 48)
Curriculum:
[4, 6, 3, 2, 5, 1, 7, 0, 8]
517931


(7, 1)
Curriculum:
[0, 6, 3, 4, 2, 1, 5, 7, 8]
63
(15, 48)
Curriculum:
[6, 4, 5, 3, 2, 1, 7, 0, 8]
461878


(7, 2)
Curriculum:
[6, 3, 0, 1, 4, 2, 5, 7, 8]
63
(15, 48)
Curriculum:
[7, 6, 3, 2, 5, 1, 4, 0, 8]
429560


(7, 3)
Curriculum:
[6, 0, 2, 1, 3, 4, 5, 7, 8]
63
(15, 48)
Curriculum:
[7, 4, 6, 3, 2, 5, 1, 0, 8]
428905


(7, 4)
Curriculum:
[6, 3, 0, 1, 2, 4, 5, 7, 8]
63
(15, 48)
Curriculum:
[6, 4, 5, 3, 2, 1, 7, 0, 8]
436801


(7, 5)
Curriculum:
[3, 6, 2, 1, 0, 4, 5, 7, 8]
63
(15, 48)
Curriculum:
[6, 7, 5, 3, 2, 1, 4, 0, 8]
326717


(7, 6)
Curriculum:
[6, 3, 0, 1, 2, 4, 5, 7, 8]
63
(15, 48)
Curriculum:
[6, 7, 5, 3, 2, 4, 1, 0, 8]
445018


(7, 8)
Curriculum:
[3, 6, 0, 1, 2, 4, 5, 7, 8]
63
(15, 48)
Curriculum:
[3, 4, 2, 1, 0, 6, 5, 7, 8]
403496
